# d = 1, rhop = 1, e = 0.95, mu = 0, K = 10^8, shear rate = 1
# nu  p      s      T       I
0.010 20.5262 5.1383 1999.0110 0.2207 0 1e8
0.050 3.2432 0.7205 53.7268 0.5553 0 1e8
0.100 1.9686 0.4092 13.2337 0.7127 0 1e8
0.200 1.8416 0.3593 3.9147 0.7369 0 1e8
0.300 2.7625 0.5512 2.3919 0.6017 0 1e8
0.400 5.4054 1.1105 1.9964 0.4301 0 1e8
0.500 14.5451 3.2272 2.1273 0.2622 0 1e8
0.500 15.5991 3.5864 2.1650 0.2532 0 1e8
0.520 20.0011 4.5929 2.2185 0.2236 0 1e8
0.550 31.6013 7.4027 2.3092 0.1779 0 1e8
0.570 46.9845 11.0143 2.3990 0.1459 0 1e8
0.610 209.6186 45.6826 2.8902 0.0691 0 1e8
0.620 594.1819 119.1262 3.8242 0.0410 0 1e8
0.630 4429.6849 727.2462 10.1622 0.0150 0 1e8
0.632 6885.9705 1083.8831 13.4980 0.0121 0 1e8
