# d = 1, rhop = 1, e = 0.7, mu = 0, K = 10^8, shear rate = 1
# nu  p      s      T       I
0.010 2.1801 1.1020 211.5712 0.6773 0 1e8
0.050 0.4391 0.2058 7.4033 1.5092 0 1e8
0.100 0.2727 0.1209 1.9215 1.9150 0 1e8
0.200 0.2577 0.1116 0.6221 1.9700 0 1e8
0.300 0.3837 0.1633 0.4306 1.6143 0 1e8
0.400 0.7066 0.3118 0.3280 1.1896 0 1e8
0.500 1.8448 0.8122 0.2546 0.7363 0 1e8
0.500 1.8492 0.8293 0.2647 0.7354 0 1e8
0.520 2.4453 1.0673 0.2602 0.6395 0 1e8
0.550 4.2915 1.7623 0.2861 0.4827 0 1e8
0.570 7.7549 2.9207 0.3395 0.3591 0 1e8
0.610 110.1775 28.3308 1.0246 0.0953 0 1e8
0.620 479.0339 103.2133 2.0665 0.0457 0 1e8
0.630 4735.8723 793.6879 7.2814 0.0145 0 1e8
0.632 7164.8609 1140.6947 9.3511 0.0118 0 1e8
