# d = 1, rhop = 1, e = 0.99, mu = 0, K = 10^8, shear rate = 1
# nu  p      s      T       I
0.050 17.8538 1.8251 299.8270 0.2367 0 1e8
0.100 10.3090 0.9822 69.9927 0.3115 0 1e8
0.200 9.5220 0.8604 20.5173 0.3241 0 1e8
0.300 13.9897 1.2517 12.2690 0.2674 0 1e8
0.400 27.4617 2.5830 10.5250 0.1908 0 1e8
0.500 78.6514 8.4740 13.0183 0.1128 0 1e8
0.500 96.7882 11.2760 14.3460 0.1016 0 1e8
0.520 131.3307 16.7810 15.8856 0.0873 0 1e8
0.550 219.1984 29.7101 18.5556 0.0675 0 1e8
0.570 324.6753 46.3371 20.3378 0.0555 0 1e8
0.610 1034.3740 155.8004 24.0545 0.0311 0 1e8
0.620 1929.8935 292.9715 26.8971 0.0228 0 1e8
0.630 5791.6492 840.2583 36.3240 0.0131 0 1e8
0.632 7741.2872 1097.2734 40.5061 0.0114 0 1e8
